0 3 18 18 18 
1 0
2 0
3 0
4 0
5 5 10 3 18 18 18 
6 0
7 0
8 0
9 0
10 5 10 18 18 18 18 
11 0
12 0
13 0
14 0
15 6 8 18 18 18 18 13 
16 0
17 0
18 0
19 0
20 5 18 18 18 18 13 
21 0
22 0
23 0
24 0
25 5 12 18 18 13 13 
26 0
27 0
28 0
29 0
30 3 18 18 13 
31 0
32 0
33 0
34 0
35 2 18 18 
36 0
37 0
38 0
39 0
40 4 18 18 13 13 
41 0
42 0
43 0
44 0
45 4 18 18 13 13 
46 0
47 0
48 0
49 0
50 4 10 18 18 13 
51 0
52 0
53 0
54 0
55 6 18 18 13 13 13 13 
56 0
57 0
58 0
59 0
60 5 12 18 18 13 13 
61 0
62 0
63 0
64 0
65 5 8 10 18 13 13 
66 0
67 0
68 0
69 0
70 6 10 18 18 18 13 13 
71 0
72 0
73 0
74 0
75 0
76 0
77 0
78 0
79 0
80 11 12 12 12 12 12 12 12 12 12 12 12 
81 0
82 0
83 0
84 2 18 18 
85 3 18 18 18 
86 0
87 0
88 0
89 8 18 18 18 18 13 13 13 13 
90 0
91 0
92 0
93 0
94 0
95 0
96 0
97 0
98 0
99 5 12 12 18 18 18 
